 .I100;;17:.N;19:

SC0,10240,0,7373;SP1;PU;PA1280,640;PD;PA7680,640,7680,2880,1280,2880,1280,640;PU
;PU;PA1280,3456;PD;PA7680,3456,7680,5696,1280,5696,1280,3456;PU;SP1;PU;PA1280,26
33;PD;PA1287,2732,1295,2869,1303,2875,1311,2878,1319,2878,1327,2878,1335,2878,13
43,2879,1351,2879,1359,2879,1367,2879,1375,2879,1383,2879,1391,2879,1399,2880,14
07,2880,1415,2880,1423,2879,1431,2880,1439,2880,1447,2880,1455,2880,1463,2880,14
71,2880,1479,2880,1487,2880,1495,2879,1503,2880,1511,2879,1519,2879,1527,2879,15
35,2880,1543,2879,1551,2880,1559,2879,1567,2879,1575,2880,1583,2879,1591,2879,15
99,2880,1607,2879,1615,2879,1623,2880,1631,2880,1639,2879,1647,2879,1655,2879,16
63,2878,1671,2880,1679,2879,1687,2879,1695,2879,1703,2879,1711,2879,1719,2879,17
27,2879,1735,2879,1743,2879,1751,2879,1759,2878,1767,2878,1775,2879,1783,2879,17
91,2879,1799,2879,1807,2879,1815,2879,1823,2879,1831,2879,1839,2879,1847,2879,18
55,2879,1863,2878,1871,2878,1879,2878,1887,2878,1895,2878,1903,2877,1911,2877,19
19,2878,1927,2878,1935,2878,1943,2878,1951,2878,1959,2877,1966,2878,1974,2876,19
82,2875,1990,2877,1998,2875,2006,2873,2014,2875,2022,2870,2030,2870,2038,2874,20
46,2874,2054,2863,2062,2864,2070,2872,2078,2860,2086,2869,2094,2867,2102,2863,21
10,2858,2118,2859,2126,2848,2134,2842,2142,2857,2150,2810,2158,2735,2166,2743,21
74,2823,2182,2784,2190,2744,2198,2775,2206,2686,2214,2598,2222,2659,2230,2343,22
38,2423,2246,2550,2254,2681,2262,2723,2270,2791,2278,2796,2286,2820,2294,2764,23
02,2783,2310,2832,2318,2786,2326,2795,2334,2823,2342,2846,2350,2835,2358,2853,23
66,2833,2374,2824,2382,2806,2390,2832,2398,2854,2406,2842,2414,2847,2422,2859,24
30,2831,2438,2850,2446,2858,2454,2859,2462,2843,2470,2824,2478,2842,2486,2818,24
94,2808,2502,2839,2510,2840,2518,2825,2526,2800,2534,2825,2542,2828,2550,2818,2558,2803,2566,2820,2574,2814,2582,2803,2590,2818,2598,2767,2606,2784,2614,2788,2622,2783,2630,2779,2638,2750,2645,2795,2653,2796,2661,2769,2669,2807,2677,2771,2685,2649,2693,2715,2701,2666,2709,2744,2717,2669,2725,2640,2733,2706,2741,2707,2749,2677,2757,2714,2765,2509,2773,2008,2781,2411,2789,2530,2797,2642,2805,2589,2813,2506,2821,2367,2829,2524,2837,2502,2845,2665,2853,2537,2861,2694,2869,2499,2877,2715,2885,2682,2893,2632,2901,2758,2909,2638,2917,2646,2925,2691,2933,2751,2941,2780,2949,2752,2957,2707,2965,2773,2973,2785,2981,2715,2989,2743,2997,2729,3005,2714,3013,2796,3021,2792,3029,2810,3037,2783,3045,2793,3053,2761,3061,2781,3069,2850,3077,2835,3085,2847,3093,2846,3101,2840,3109,2851,3117,2838,3125,2846,3133,2861,3141,2856,3149,2860,3157,2861,3165,2866,3173,2865,3181,2868,3189,2871,3197,2871,3205,2864,3213,2869,3221,2866,3229,2866,3237,2870,3245,2869,3253,2867,3261,2867,3269,2865,3277,2864,3285,2864,3293,2858,3301,2857,3309,2853,3317,2854,3325,2840,3332,2841,3340,2828,3348,2828,3356,2834,3364,2819,3372,2816,3380,2793,3388,2740,3396,2639,3404,2486,3412,1939,3420,1529,3428,2185,3436,2531,3444,2671,3452,2726,3460,2736,3468,2780,3476,2816,3484,2806,3492,2790,3500,2820,3508,2839,3516,2824,3524,2823,3532,2831,3540,2824,3548,2827,3556,2838,3564,2818,3572,2843,3580,2847,3588,2836,3596,2861,3604,2846,3612,2852,3620,2843,3628,2842,3636,2855,3644,2854,3652,2846,3660,2846,3668,2829,3676,2839,3684,2831,3692,2844,3700,2854,3708,2856,3716,2861,3724,2857,3732,2849,3740,2839,3748,2837,3756,2847,3764,2852,3772,2850,3780,2855,3788,2856,3796,2859,3804,2864,3812,2864,3820,2867,3828,2872,3836,2874,3844,2874,3852,2874,3860,2875,3868,2874,3876,2874,3884,2871,3892,2869,3900,2872,3908,2858,3916,2859,3924,2839,3932,2833,3940,2792,3948,2789,3956,2715,3964,2609,3972,2557,3980,2708,3988,2019,3996,1248,4004,866,4011,1487,4019,1903,4027,2023,4035,1568,4043,2503,4051,2437,4059,2584,4067,2620,4075,2646,4083,2542,4091,2658,4099,2615,4107,2763,4115,2806,4123,2806,4131,2746,4139,2725,4147,2769,4155,2791,4163,2722,4171,2742,4179,2836,4187,2746,4195,2707,4203,2762,4211,2810,4219,2789,4227,2827,4235,2775,4243,2735,4251,2812,4259,2762,4267,2839,4275,2828,4283,2781,4291,2806,4299,2808,4307,2827,4315,2840,4323,2826,4331,2846,4339,2838,4347,2835,4355,2841,4363,2836,4371,2824,4379,2776,4387,2366,4395,2437,4403,2609,4411,2662,4419,2727,4427,2700,4435,2769,4443,2787,4451,2802,4459,2794,4467,2819,4475,2795,4483,2812,4491,2825,4499,2823,4507,2825,4515,2818,4523,2827,4531,2834,4539,2829,4547,2831,4555,2826,4563,2822,4571,2842,4579,2821,4587,2836,4595,2824,4603,2823,4611,2843,4619,2838,4627,2829,4635,2836,4643,2825,4651,2833,4659,2825,4667,2827,4675,2826,4683,2791,4690,2723,4698,2850,4706,2861,4714,2857,4722,2848,4730,2851,4738,2852,4746,2845,4754,2852,4762,2844,4770,2837,4778,2845,4786,2847,4794,2841,4802,2840,4810,2841,4818,2840,4826,2841,4834,2838,4842,2840,4850,2839,4858,2839,4866,2838,4874,2839,4882,2840,4890,2845,4898,2842,4906,2853,4914,2854,4922,2858,4930,2859,4938,2859,4946,2859,4954,2861,4962,2859,4970,2858,4978,2852,4986,2853,4994,2847,5002,2845,5010,2844,5018,2848,5026,2839,5034,2839,5042,2841,5050,2844,5058,2843,5066,2846,5074,2844,5082,2842,5090,2844,5098,2843,5106,2848,5114,2850,5122,2845,5130,2850,5138,2852,5146,2833,5154,2849,5162,2837,5170,2838,5178,2830,5186,2846,5194,2817,5202,2821,5210,2817,5218,2806,5226,2794,5234,2783,5242,2782,5250,2773,5258,2755,5266,2732,5274,2736,5282,2706,5290,2701,5298,2667,5306,2686,5314,2694,5322,2685,5330,2696,5338,2683,5346,2693,5354,2674,5362,2680,5370,2706,5377,2696,5385,2733,5393,2766,5401,2737,5409,2731,5417,2680,5425,2560,5433,2475,5441,2025,5449,2251,5457,2594,5465,2723,5473,2775,5481,2791,5489,2805,5497,2805,5505,2807,5513,2807,5521,2817,5529,2813,5537,2805,5545,2795,5553,2798,5561,2780,5569,2767,5577,2761,5585,2729,5593,2716,5601,2686,5609,2688,5617,2678,5625,2628,5633,2586,5641,2538,5649,2523,5657,2469,5665,2484,5673,2443,5681,2518,5689,2588,5697,2680,5705,2776,5713,2850,5721,2858,5729,2840,5737,2804,5745,2782,5753,2751,5761,2739,5769,2726,5777,2722,5785,2722,5793,2724,5801,2732,5809,2738,5817,2749,5825,2763,5833,2771,5841,2792,5849,2798,5857,2803,5865,2808,5873,2825,5881,2819,5889,2823,5897,2821,5905,2820,5913,2810,5921,2810,5929,2808,5937,2800,5945,2799,5953,2794,5961,2790,5969,2783,5977,2789,5985,2769,5993,2758,6001,2759,6009,2762,6017,2740,6025,2762,6033,2765,6041,2740,6049,2670,6056,2534,6064,2544,6072,2636,6080,2712,6088,2761,6096,2798,6104,2817,6112,2829,6120,2839,6128,2841,6136,2839,6144,2842,6152,2830,6160,2830,6168,2817,6176,2808,6184,2795,6192,2784,6200,2776,6208,2774,6216,2756,6224,2756,6232,2739,6240,2735,6248,2731,6256,2713,6264,2717,6272,2714,6280,2709,6288,2695,6296,2707,6304,2700,6312,2721,6320,2702,6328,2691,6336,2661,6344,2651,6352,2627,6360,2655,6368,2650,6376,2607,6384,2589,6392,2593,6400,2597,6408,2615,6416,2634,6424,2629,6432,2637,6440,2627,6448,2614,6456,2620,6464,2670,6472,2727,6480,2729,6488,2714,6496,2708,6504,2681,6512,2712,6520,2679,6528,2677,6536,2693,6544,2681,6552,2697,6560,2696,6568,2695,6576,2714,6584,2707,6592,2715,6600,2732,6608,2723,6616,2713,6624,2699,6632,2689,6640,2721,6648,2686,6656,2687,6664,2691,6672,2684,6680,2698,6688,2689,6696,2686,6704,2696,6712,2701,6720,2718,6728,2718,6735,2732,6743,2750,6751,2753,6759,2766,6767,2767,6775,2773,6783,2770,6791,2784,6799,2793,6807,2804,6815,2787,6823,2795,6831,2783,6839,2790,6847,2734,6855,2708,6863,2717,6871,2717,6879,2710,6887,2712,6895,2702,6903,2708,6911,2713,6919,2716,6927,2696,6935,2696,6943,2699,6951,2707,6959,2709,6967,2717,6975,2729,6983,2744,6991,2761,6999,2768,7007,2779,7015,2783,7023,2796,7031,2805,7039,2809,7047,2803,7055,2800,7063,2799,7071,2763,7079,2753,7087,2755,7095,2741,7103,2700,7111,2702,7119,2671,7127,2636,7135,2587,7143,2485,7151,2410,7159,2328,7167,2341,7175,2222,7183,2272,7191,2395,7199,2480,7207,2445,7215,2392,7223,2357,7231,2485,7239,2521,7247,2444,7255,2461,7263,2435,7271,2302,7279,2297,7287,2311,7295,2187,7303,2202,7311,2156,7319,2095,7327,2125,7335,2076,7343,2030,7351,1996,7359,1994,7367,1929,7375,1983,7383,1965,7391,1899,7399,1901,7407,1964,7415,1995,7422,2001,7430,2016,7438,2009,7446,2060,7454,2075,7462,2134,7470,2208,7478,2208,7486,2319,7494,2339,7502,2391,7510,2464,7518,2525,7526,2546,7534,2564,7542,2606,7550,2630,7558,2653,7566,2661,7574,2680,7582,2685,7590,2680,7598,2691,7606,2694,7614,2688,7622,2692,7630,2695,7638,2669,7646,2680,7654,2679,7662,2643,7670,2593;PU;SP1;PU;PA1280,4236;PD;PA1287,4104,1295,4244,1303,4296,1311,4284,1319,4276,1327,4260,1335,4256,1343,4260,1351,4256,1359,4252,1367,4248,1375,4248,1383,4244,1391,4244,1399,4244,1407,4244,1415,4240,1423,4240,1431,4240,1439,4240,1447,4236,1455,4236,1463,4236,1471,4236,1479,4236,1487,4236,1495,4236,1503,4236,1511,4236,1519,4236,1527,4236,1535,4236,1543,4236,1551,4236,1559,4236,1567,4240,1575,4240,1583,4240,1591,4240,1599,4240,1607,4240,1615,4240,1623,4240,1631,4240,1639,4240,1647,4240,1655,4240,1663,4240,1671,4240,1679,4240,1687,4240,1695,4240,1703,4240,1711,4240,1719,4240,1727,4236,1735,4240,1743,4236,1751,4236,1759,4236,1767,4236,1775,4236,1783,4236,1791,4236,1799,4240,1807,4236,1815,4240,1823,4240,1831,4240,1839,4240,1847,4240,1855,4244,1863,4240,1871,4244,1879,4244,1887,4244,1895,4244,1903,4244,1911,4244,1919,4244,1927,4244,1935,4244,1943,4244,1951,4244,1959,4244,1966,4244,1974,4240,1982,4244,1990,4244,1998,4240,2006,4236,2014,4236,2022,4236,2030,4232,2038,4232,2046,4236,2054,4232,2062,4232,2070,4232,2078,4228,2086,4240,2094,4236,2102,4240,2110,4240,2118,4244,2126,4248,2134,4240,2142,4240,2150,4256,2158,4260,2166,4272,2174,4268,2182,4276,2190,4256,2198,4252,2206,4260,2214,4248,2222,4240,2230,4236,2238,4204,2246,4224,2254,4192,2262,4192,2270,4196,2278,4208,2286,4232,2294,4224,2302,4240,2310,4248,2318,4240,2326,4252,2334,4260,2342,4256,2350,4256,2358,4260,2366,4260,2374,4256,2382,4256,2390,4244,2398,4260,2406,4252,2414,4248,2422,4248,2430,4248,2438,4244,2446,4244,2454,4240,2462,4232,2470,4244,2478,4244,2486,4232,2494,4228,2502,4228,2510,4232,2518,4228,2526,4228,2534,4232,2542,4232,2550,4232,2558,4236,2566,4240,2574,4248,2582,4260,2590,4248,2598,4256,2606,4256,2614,4264,2622,4280,2630,4268,2638,4264,2645,4276,2653,4284,2661,4276,2669,4288,2677,4292,2685,4272,2693,4280,2701,4264,2709,4292,2717,4280,2725,4276,2733,4276,2741,4260,2749,4288,2757,4292,2765,4288,2773,4232,2781,4284,2789,4284,2797,4300,2805,4292,2813,4260,2821,4280,2829,4296,2837,4292,2845,4304,2853,4284,2861,4276,2869,4268,2877,4280,2885,4268,2893,4272,2901,4292,2909,4300,2917,4284,2925,4276,2933,4284,2941,4292,2949,4296,2957,4292,2965,4304,2973,4308,2981,4320,2989,4320,2997,4344,3005,4360,3013,4372,3021,4360,3029,4380,3037,4384,3045,4400,3053,4396,3061,4408,3069,4420,3077,4424,3085,4444,3093,4460,3101,4464,3109,4476,3117,4492,3125,4500,3133,4508,3141,4520,3149,4536,3157,4556,3165,4576,3173,4596,3181,4612,3189,4636,3197,4660,3205,4692,3213,4720,3221,4756,3229,4800,3237,4860,3245,4940,3253,5056,3261,5120,3269,5008,3277,4912,3285,4848,3293,4800,3301,4760,3309,4728,3317,4708,3325,4684,3332,4668,3340,4648,3348,4636,3356,4624,3364,4612,3372,4596,3380,4592,3388,4568,3396,4572,3404,4552,3412,4536,3420,4584,3428,4600,3436,4576,3444,4576,3452,4572,3460,4572,3468,4560,3476,4556,3484,4556,3492,4556,3500,4556,3508,4556,3516,4548,3524,4548,3532,4544,3540,4552,3548,4544,3556,4548,3564,4548,3572,4552,3580,4560,3588,4552,3596,4560,3604,4560,3612,4564,3620,4564,3628,4568,3636,4576,3644,4572,3652,4580,3660,4580,3668,4584,3676,4588,3684,4600,3692,4604,3700,4608,3708,4616,3716,4628,3724,4632,3732,4640,3740,4648,3748,4652,3756,4664,3764,4676,3772,4688,3780,4708,3788,4720,3796,4732,3804,4752,3812,4772,3820,4796,3828,4828,3836,4868,3844,4916,3852,4984,3860,5072,3868,5080,3876,4976,3884,4884,3892,4812,3900,4752,3908,4708,3916,4656,3924,4616,3932,4564,3940,4532,3948,4484,3956,4440,3964,4392,3972,4356,3980,4320,3988,4224,3996,4104,4004,4008,4011,4104,4019,4252,4027,4268,4035,4224,4043,4308,4051,4356,4059,4404,4067,4448,4075,4436,4083,4416,4091,4440,4099,4452,4107,4484,4115,4480,4123,4512,4131,4520,4139,4520,4147,4528,4155,4516,4163,4536,4171,4520,4179,4540,4187,4532,4195,4544,4203,4560,4211,4572,4219,4572,4227,4576,4235,4580,4243,4584,4251,4600,4259,4608,4267,4616,4275,4616,4283,4632,4291,4648,4299,4656,4307,4676,4315,4688,4323,4708,4331,4724,4339,4744,4347,4776,4355,4824,4363,4900,4371,4916,4379,4728,4387,4524,4395,4492,4403,4552,4411,4600,4419,4620,4427,4640,4435,4660,4443,4672,4451,4684,4459,4704,4467,4720,4475,4712,4483,4668,4491,4688,4499,4700,4507,4716,4515,4720,4523,4724,4531,4732,4539,4736,4547,4744,4555,4756,4563,4764,4571,4764,4579,4776,4587,4784,4595,4792,4603,4800,4611,4812,4619,4820,4627,4832,4635,4836,4643,4848,4651,4852,4659,4864,4667,4876,4675,4884,4683,4896,4690,4888,4698,4880,4706,4900,4714,4912,4722,4924,4730,4936,4738,4944,4746,4952,4754,4964,4762,4972,4770,4984,4778,4996,4786,5004,4794,5016,4802,5032,4810,5048,4818,5064,4826,5080,4834,5104,4842,5124,4850,5148,4858,5176,4866,5204,4874,5244,4882,5288,4890,5340,4898,5404,4906,5440,4914,5508,4922,5492,4930,5416,4938,5356,4946,5304,4954,5264,4962,5228,4970,5200,4978,5180,4986,5152,4994,5128,5002,5112,5010,5092,5018,5076,5026,5060,5034,5048,5042,5032,5050,5020,5058,5004,5066,4992,5074,4980,5082,4968,5090,4956,5098,4944,5106,4936,5114,4924,5122,4916,5130,4904,5138,4884,5146,4872,5154,4844,5162,4824,5170,4792,5178,4736,5186,4700,5194,4748,5202,4892,5210,5048,5218,5204,5226,5196,5234,5120,5242,5072,5250,5036,5258,5012,5266,4992,5274,4976,5282,4960,5290,4944,5298,4932,5306,4912,5314,4904,5322,4888,5330,4884,5338,4868,5346,4860,5354,4848,5362,4840,5370,4832,5377,4816,5385,4800,5393,4784,5401,4764,5409,4740,5417,4704,5425,4672,5433,4624,5441,4588,5449,4676,5457,4800,5465,4912,5473,5028,5481,5152,5489,5272,5497,5272,5505,5200,5513,5144,5521,5104,5529,5076,5537,5056,5545,5032,5553,5020,5561,5004,5569,4988,5577,4976,5585,4964,5593,4952,5601,4940,5609,4932,5617,4920,5625,4908,5633,4904,5641,4900,5649,4904,5657,4904,5665,4916,5673,4936,5681,4972,5689,5028,5697,5100,5705,5180,5713,5212,5721,5212,5729,5224,5737,5260,5745,5312,5753,5368,5761,5376,5769,5328,5777,5276,5785,5232,5793,5200,5801,5176,5809,5156,5817,5140,5825,5120,5833,5108,5841,5100,5849,5088,5857,5080,5865,5072,5873,5068,5881,5056,5889,5048,5897,5040,5905,5040,5913,5028,5921,5024,5929,5016,5937,5012,5945,5008,5953,5000,5961,5000,5969,4992,5977,4984,5985,4976,5993,4964,6001,4956,6009,4948,6017,4968,6025,4996,6033,5004,6041,4992,6049,4980,6056,4992,6064,5084,6072,5156,6080,5156,6088,5144,6096,5136,6104,5128,6112,5124,6120,5124,6128,5128,6136,5128,6144,5132,6152,5140,6160,5144,6168,5156,6176,5164,6184,5180,6192,5200,6200,5220,6208,5256,6216,5304,6224,5368,6232,5448,6240,5424,6248,5320,6256,5232,6264,5168,6272,5108,6280,5060,6288,5020,6296,4984,6304,4952,6312,4920,6320,4892,6328,4880,6336,4864,6344,4852,6352,4840,6360,4856,6368,4872,6376,4892,6384,4916,6392,4968,6400,5020,6408,5088,6416,5160,6424,5224,6432,5220,6440,5160,6448,5100,6456,5056,6464,5080,6472,5164,6480,5160,6488,5136,6496,5112,6504,5096,6512,5080,6520,5068,6528,5060,6536,5052,6544,5048,6552,5044,6560,5036,6568,5032,6576,5032,6584,5028,6592,5032,6600,5032,6608,5032,6616,5032,6624,5032,6632,5032,6640,5032,6648,5032,6656,5032,6664,5024,6672,5020,6680,5012,6688,5044,6696,5100,6704,5104,6712,5104,6720,5100,6728,5096,6735,5104,6743,5104,6751,5104,6759,5108,6767,5108,6775,5116,6783,5120,6791,5120,6799,5128,6807,5136,6815,5144,6823,5152,6831,5168,6839,5180,6847,5152,6855,5088,6863,5076,6871,5092,6879,5108,6887,5132,6895,5156,6903,5172,6911,5196,6919,5212,6927,5240,6935,5272,6943,5308,6951,5344,6959,5396,6967,5464,6975,5528,6983,5536,6991,5468,6999,5388,7007,5324,7015,5272,7023,5228,7031,5188,7039,5148,7047,5116,7055,5088,7063,5060,7071,5036,7079,5008,7087,4992,7095,4980,7103,4968,7111,4964,7119,4968,7127,4992,7135,5000,7143,4924,7151,4836,7159,4768,7167,4756,7175,4724,7183,4724,7191,4720,7199,4752,7207,4772,7215,4768,7223,4784,7231,4820,7239,4840,7247,4872,7255,4872,7263,4884,7271,4908,7279,4908,7287,4920,7295,4924,7303,4940,7311,4936,7319,4944,7327,4940,7335,4944,7343,4948,7351,4944,7359,4940,7367,4932,7375,4936,7383,4932,7391,4932,7399,4924,7407,4924,7415,4932,7422,4936,7430,4944,7438,4944,7446,4956,7454,4956,7462,4968,7470,4980,7478,4992,7486,5008,7494,5016,7502,5032,7510,5040,7518,5056,7526,5072,7534,5084,7542,5100,7550,5116,7558,5132,7566,5148,7574,5172,7582,5192,7590,5216,7598,5244,7606,5280,7614,5308,7622,5332,7630,5320,7638,5280,7646,5224,7654,5168,7662,5108,7670,5036;PU;SP1;LT4,4;PU;PA4920,2880;PD;PA4920,640;PU;LT6,4;LT4,4;LT6,4;LT4,4;PU;PA4920,5696;PD;PA4920,3456;PU;LT6,4;LT4,4;LT6,4;LT;SP1;PU;PA1920,640;PD;PA1920,720;PU;PU;PA2560,640;PD;PA2560,720;PU;PU;PA3200,640;PD;PA3200,720;PU;PU;PA3840,640;PD;PA3840,720;PU;PU;PA4480,640;PD;PA4480,720;PU;PU;PA5120,640;PD;PA5120,720;PU;PU;PA5760,640;PD;PA5760,720;PU;PU;PA6400,640;PD;PA6400,720;PU;PU;PA7040,640;PD;PA7040,720;PU;PU;PA7680,1088;PD;PA7600,1088;PU;PU;PA7680,1536;PD;PA7600,1536;PU;PU;PA7680,1984;PD;PA7600,1984;PU;PU;PA7680,2432;PD;PA7600,2432;PU;PU;PA7040,2880;PD;PA7040,2800;PU;PU;PA6400,2880;PD;PA6400,2800;PU;PU;PA5760,2880;PD;PA5760,2800;PU;PU;PA5120,2880;PD;PA5120,2800;PU;PU;PA4480,2880;PD;PA4480,2800;PU;PU;PA3840,2880;PD;PA3840,2800;PU;PU;PA3200,2880;PD;PA3200,2800;PU;PU;PA2560,2880;PD;PA2560,2800;PU;PU;PA1920,2880;PD;PA1920,2800;PU;PU;PA1280,2432;PD;PA1360,2432;PU;PU;PA1280,1984;PD;PA1360,1984;PU;PU;PA1280,1536;PD;PA1360,1536;PU;PU;PA1280,1088;PD;PA1360,1088;PU;PU;PA1920,3456;PD;PA1920,3536;PU;PU;PA2560,3456;PD;PA2560,3536;PU;PU;PA3200,3456;PD;PA3200,3536;PU;PU;PA3840,3456;PD;PA3840,3536;PU;PU;PA4480,3456;PD;PA4480,3536;PU;PU;PA5120,3456;PD;PA5120,3536;PU;PU;PA5760,3456;PD;PA5760,3536;PU;PU;PA6400,3456;PD;PA6400,3536;PU;PU;PA7040,3456;PD;PA7040,3536;PU;PU;PA7680,3688;PD;PA7600,3688;PU;PU;PA7680,4136;PD;PA7600,4136;PU;PU;PA7680,4584;PD;PA7600,4584;PU;PU;PA7680,5032;PD;PA7600,5032;PU;PU;PA7680,5480;PD;PA7600,5480;PU;PU;PA7040,5696;PD;PA7040,5616;PU;PU;PA6400,5696;PD;PA6400,5616;PU;PU;PA5760,5696;PD;PA5760,5616;PU;PU;PA5120,5696;PD;PA5120,5616;PU;PU;PA4480,5696;PD;PA4480,5616;PU;PU;PA3840,5696;PD;PA3840,5616;PU;PU;PA3200,5696;PD;PA3200,5616;PU;PU;PA2560,5696;PD;PA2560,5616;PU;PU;PA1920,5696;PD;PA1920,5616;PU;PU;PA1280,5480;PD;PA1360,5480;PU;PU;PA1280,5032;PD;PA1360,5032;PU;PU;PA1280,4584;PD;PA1360,4584;PU;PU;PA1280,4136;PD;PA1360,4136;PU;PU;PA1280,3688;PD;PA1360,3688;PU;SP1;DI;SR .82,2.10;PU;PA8000,4928;LB ;PU;PA8120,4928;LB ;PU;PA8240,4928;LB ;DI;SR .82,2.10;PU;PA8000,2112;LB ;PU;PA8120,2112;PU;PR7,77;PD;PR84,-49,0,98,-84,-49;PU;PU;PA8240,2112;LB ;DI;SR .82,2.10;PU;PA8000,1856;LB ;PU;PA8120,1856;LBG;PU;PA8240,1856;LB ;DI;SR .82,2.10;PU;PA8000,1600;LB ;PU;PA8120,1600;LBC;PU;PA8240,1600;LB ;DI;SR .82,2.10;PU;PA384,2688;LB ;PU;PA504,2688;LB ;PU;PA624,2688;LB ;PU;PA744,2688;LB1;PU;PA864,2688;LB.;PU;PA984,2688;LB0;DI;SR .82,2.10;PU;PA384,2432;LB ;PU;PA504,2432;LB ;PU;PA624,2432;LB ;PU;PA744,2432;LB ;PU;PA864,2432;LB ;PU;PA984,2432;LB ;DI;SR .82,2.10;PU;PA512,2112;LBM;PU;PA632,2112;LB ;PU;PA752,2112;LB ;PU;PA872,2112;LB5;DI;SR .82,2.10;PU;PA512,1856;LB ;PU;PA632,1856;LBM;PU;PA752,1856;LBa;PU;PA872,1856;LBg;PU;PA992,1856;LB ;DI;SR .82,2.10;PU;PA640,1600;LB ;PU;PA760,1600;LB ;PU;PA880,1600;LB ;PU;PA1000,1600;LB ;DI;SR .82,2.10;PU;PA512,1088;LB ;PU;PA632,1088;LB ;PU;PA752,1088;LB ;PU;PA872,1088;LB ;PU;PA992,1088;LBx;PU;PA1112,1088;LB1;DI;SR .82,2.10;PU;PA384,832;LB ;PU;PA504,832;LB ;PU;PA624,832;LB ;PU;PA744,832;LB ;PU;PA864,832;LB ;PU;PA984,832;LB ;DI;SR .82,2.10;PU;PA384,576;LB ;PU;PA504,576;LB ;PU;PA624,576;LB ;PU;PA744,576;LB ;PU;PA864,576;LB ;PU;PA984,576;LB0;DI;SR .82,2.10;PU;PA1280,352;LB0;DI;SR .82,2.10;PU;PA2560,352;LB ;PU;PA2680,352;LB ;PU;PA2800,352;LBC;PU;PA2920,352;LBO;PU;PA3040,352;LBH;PU;PA3160,352;LB ;PU;PA3280,352;LB ;PU;PA3400,352;LB ;DI;SR .82,2.10;PU;PA3840,352;LBF;PU;PA3960,352;LB-;PU;PA4080,352;LBE;PU;PA4200,352;LB ;DI;SR .82,2.10;PU;PA4608,352;LB ;PU;PA4728,352;LBL;PU;PA4848,352;LBi;PU;PA4968,352;LBn;PU;PA5088,352;LB ;PU;PA5208,352;LB ;DI;SR .82,2.10;PU;PA6784,352;LB ;PU;PA6904,352;LB ;PU;PA7024,352;LB ;PU;PA7144,352;LB5;PU;PA7264,352;LBk;PU;PA7384,352;LBH;PU;PA7504,352;LBz;DI;SR .82,2.10;PU;PA1792,96;LBX;PU;PA1912,96;LB:;PU;PA2032,96;LB ;PU;PA2152,96;LB ;PU;PA2272,96;LB2;PU;PA2392,96;LB8;PU;PA2512,96;LB4;PU;PA2632,96;LB3;PU;PA2752,96;LB.;PU;PA2872,96;LB7;PU;PA2992,96;LB5;PU;PA3112,96;LBH;PU;PA3232,96;LBz;PU;PA3352,96;LB ;DI;SR .82,2.10;PU;PA4608,96;LBY;PU;PA4728,96;LB:;PU;PA4848,96;LB ;PU;PA4968,96;LB ;PU;PA5088,96;LB ;PU;PA5208,96;LB ;PU;PA5328,96;LB ;PU;PA5448,96;LB.;PU;PA5568,96;LB9;PU;PA5688,96;LB8;PU;PA5808,96;LB8;PU;PA5928,96;LB8;PU;PA6048,96;LB ;PU;PA6168,96;LB ;PU;PA6288,96;LB ;PU;PA6408,96;LB ;PU;PA6528,96;LB ;PU;PA6648,96;LB ;PU;PA6768,96;LB ;PU;PA6888,96;LB ;PU;PA7008,96;LB ;SP1;DI;SR .82,2.10;PU;PA8000,4672;LB ;PU;PA8120,4672;LBG;PU;PA8240,4672;LB ;DI;SR .82,2.10;PU;PA8000,4416;LB ;PU;PA8120,4416;LBC;PU;PA8240,4416;LB ;DI;SR .82,2.10;PU;PA384,5504;LB ;PU;PA504,5504;LB ;PU;PA624,5504;LB ;PU;PA744,5504;LB ;PU;PA864,5504;LB5;PU;PA984,5504;LB0;DI;SR .82,2.10;PU;PA384,5248;LB ;PU;PA504,5248;LB ;PU;PA624,5248;LB ;PU;PA744,5248;LB ;PU;PA864,5248;LB ;PU;PA984,5248;LB ;DI;SR .82,2.10;PU;PA512,4928;LBM;PU;PA632,4928;LB ;PU;PA752,4928;LB ;PU;PA872,4928;LB1;DI;SR .82,2.10;PU;PA512,4672;LB ;PU;PA632,4672;LBM;PU;PA752,4672;LBa;PU;PA872,4672;LBg;PU;PA992,4672;LB ;DI;SR .82,2.10;PU;PA384,4416;LBd;PU;PA504,4416;LBB;PU;PA624,4416;LBV;PU;PA744,4416;LB ;PU;PA864,4416;LB ;PU;PA984,4416;LB ;DI;SR .82,2.10;PU;PA256,4160;LB/;PU;PA376,4160;LBV;PU;PA496,4160;LB ;PU;PA616,4160;LB ;PU;PA736,4160;LB ;DI;SR .82,2.10;PU;PA512,3904;LB2;PU;PA632,3904;LB0;PU;PA752,3904;LBd;PU;PA872,3904;LBB;PU;PA992,3904;LB/;DI;SR .82,2.10;PU;PA384,3648;LB ;PU;PA504,3648;LB ;PU;PA624,3648;LB ;PU;PA744,3648;LB ;PU;PA864,3648;LB ;PU;PA984,3648;LB ;DI;SR .82,2.10;PU;PA384,3392;LB ;PU;PA504,3392;LB ;PU;PA624,3392;LB ;PU;PA744,3392;LB-;PU;PA864,3392;LB5;PU;PA984,3392;LB0;DI;SR .82,2.10;PU;PA1280,3168;LB0;DI;SR .82,2.10;PU;PA2560,3168;LB ;PU;PA2680,3168;LBF;PU;PA2800,3168;LB.;PU;PA2920,3168;LBR;PU;PA3040,3168;LB.;PU;PA3160,3168;LBF;PU;PA3280,3168;LB ;PU;PA3400,3168;LB ;DI;SR .82,2.10;PU;PA3840,3168;LBF;PU;PA3960,3168;LB-;PU;PA4080,3168;LBE;PU;PA4200,3168;LB ;DI;SR .82,2.10;PU;PA4608,3168;LB ;PU;PA4728,3168;LBL;PU;PA4848,3168;LBi;PU;PA4968,3168;LBn;PU;PA5088,3168;LB ;PU;PA5208,3168;LB ;DI;SR .82,2.10;PU;PA6784,3168;LB ;PU;PA6904,3168;LB ;PU;PA7024,3168;LB ;PU;PA7144,3168;LB5;PU;PA7264,3168;LBk;PU;PA7384,3168;LBH;PU;PA7504,3168;LBz;DI;SR .82,2.10;PU;PA1792,2912;LBX;PU;PA1912,2912;LB:;PU;PA2032,2912;LB ;PU;PA2152,2912;LB ;PU;PA2272,2912;LB2;PU;PA2392,2912;LB8;PU;PA2512,2912;LB4;PU;PA2632,2912;LB3;PU;PA2752,2912;LB.;PU;PA2872,2912;LB7;PU;PA2992,2912;LB5;PU;PA3112,2912;LBH;PU;PA3232,2912;LBz;PU;PA3352,2912;LB ;DI;SR .82,2.10;PU;PA4608,2912;LBY;PU;PA4728,2912;LB:;PU;PA4848,2912;LB ;PU;PA4968,2912;LB ;PU;PA5088,2912;LB ;PU;PA5208,2912;LB ;PU;PA5328,2912;LB ;PU;PA5448,2912;LB4;PU;PA5568,2912;LB1;PU;PA5688,2912;LB.;PU;PA5808,2912;LB9;PU;PA5928,2912;LB1;PU;PA6048,2912;LBd;PU;PA6168,2912;LBB;PU;PA6288,2912;LBV;PU;PA6408,2912;LB ;PU;PA6528,2912;LB ;PU;PA6648,2912;LB ;PU;PA6768,2912;LB/;PU;PA6888,2912;LBV;PU;PA7008,2912;LB ;PU;PA7128,2912;LB ;PU;PA7248,2912;LB ;SP1;DI;SR .82,2.10;PU;PA0,6144;LB3;PU;PA120,6144;LB.;PU;PA240,6144;LB8;PU;PA360,6144;LBL;PU;PA480,6144;LB ;PU;PA600,6144;LBC;PU;PA720,6144;LBU;PU;PA840,6144;LBS;PU;PA960,6144;LBT;PU;PA1080,6144;LBO;PU;PA1200,6144;LBM;PU;PA1320,6144;LBE;PU;PA1440,6144;LBR;PU;PA1560,6144;LB ;PU;PA1680,6144;LBW;PU;PA1800,6144;LB/;PU;PA1920,6144;LB ;PU;PA2040,6144;LBR;PU;PA2160,6144;LBI;PU;PA2280,6144;LBB;PU;PA2400,6144;LBS;PU;PA2520,6144;LB ;PU;PA2640,6144;LB7;PU;PA2760,6144;LB/;PU;PA2880,6144;LB2;PU;PA3000,6144;LB8;PU;PA3120,6144;LB/;PU;PA3240,6144;LB9;PU;PA3360,6144;LB2;PU;PA3480,6144;LB ;PU;PA3600,6144;LB ;PU;PA3720,6144;LB ;PU;PA3840,6144;LB ;PU;PA3960,6144;LB ;PU;PA4080,6144;LB ;PU;PA4200,6144;LB ;PU;PA4320,6144;LB ;PU;PA4440,6144;LB ;PU;PA4560,6144;LB ;PU;PA4680,6144;LB ;PU;PA4800,6144;LB ;PU;PA4920,6144;LB ;PU;PA5040,6144;LB ;PU;PA5160,6144;LB ;PU;PA5280,6144;LB ;PU;PA5400,6144;LB ;PU;PA5520,6144;LB ;PU;PA5640,6144;LB ;PU;PA5760,6144;LB ;PU;PA5880,6144;LB ;PU;PA6000,6144;LB ;PU;PA6120,6144;LB ;PU;PA6240,6144;LB ;PU;PA6360,6144;LB ;PU;PA6480,6144;LB ;DI;SR .82,2.10;PU;PA0,5888;LB ;PU;PA120,5888;LB2;PU;PA240,5888;LB0;PU;PA360,5888;LBk;PU;PA480,5888;LBH;PU;PA600,5888;LBz;PU;PA720,5888;LB ;PU;PA840,5888;LBA;PU;PA960,5888;LB:;PU;PA1080,5888;LBv;PU;PA1200,5888;LB+;PU;PA1320,5888;LB/;PU;PA1440,5888;LBA;PU;PA1560,5888;LBC;PU;PA1680,5888;LB/;PU;PA1800,5888;LB ;PU;PA1920,5888;LB1;PU;PA2040,5888;LB0;PU;PA2160,5888;LBV;PU;PA2280,5888;LB ;PU;PA2400,5888;LBB;PU;PA2520,5888;LB:;PU;PA2640,5888;LBv;PU;PA2760,5888;LB+;PU;PA2880,5888;LB/;PU;PA3000,5888;LBA;PU;PA3120,5888;LBC;PU;PA3240,5888;LB/;PU;PA3360,5888;LB ;PU;PA3480,5888;LB1;PU;PA3600,5888;LB0;PU;PA3720,5888;LBV;PU;PA3840,5888;LB ;PU;PA3960,5888;LB ;PU;PA4080,5888;LB ;PU;PA4200,5888;LBI;PU;PA4320,5888;LBn;PU;PA4440,5888;LBs;PU;PA4560,5888;LBt;PU;PA4680,5888;LB ;PU;PA4800,5888;LB ;PU;PA4920,5888;LB ;PU;PA5040,5888;LB ;PU;PA5160,5888;LB ;PU;PA5280,5888;LB0;PU;PA5400,5888;LB/;PU;PA5520,5888;LB1;PU;PA5640,5888;LB6;PU;PA5760,5888;LB ;PU;PA5880,5888;LB ;PU;PA6000,5888;LB ;PU;PA6120,5888;LB ;PU;PA6240,5888;LBD;PU;PA6360,5888;LBu;PU;PA6480,5888;LBa;PU;PA6600,5888;LBl;PU;PA6720,5888;LB ;PU;PA6840,5888;LB2;PU;PA6960,5888;LBK;DI;SR .82,2.10;PU;PA7680,6144;LBM;PU;PA7800,6144;LBe;PU;PA7920,6144;LBm;PU;PA8040,6144;LB:;PU;PA8160,6144;LB ;PU;PA8280,6144;LB ;PU;PA8400,6144;LB ;PU;PA8520,6144;LB ;PU;PA8640,6144;LB5;DI;SR .82,2.10;PU;PA8960,6144;LBR;PU;PA9080,6144;LBe;PU;PA9200,6144;LB1;PU;PA9320,6144;LB:;PU;PA9440,6144;LB ;PU;PA9560,6144;LB ;PU;PA9680,6144;LB0;PU;PA9800,6144;LB0;PU;PA9920,6144;LB0;PU;PA10040,6144;LB0;DI;SR .82,2.10;PU;PA7680,5888;LBF;PU;PA7800,5888;LBi;PU;PA7920,5888;LBl;PU;PA8040,5888;LBe;PU;PA8160,5888;LB:;PU;PA8280,5888;LB ;PU;PA8400,5888;LB-;PU;PA8520,5888;LB-;PU;PA8640,5888;LB-;PU;PA8760,5888;LB ;DI;SR .82,2.10;PU;PA8960,5888;LBG;PU;PA9080,5888;LBa;PU;PA9200,5888;LBp;PU;PA9320,5888;LB:;PU;PA9440,5888;LB ;PU;PA9560,5888;LB ;PU;PA9680,5888;LB0;PU;PA9800,5888;LB5;PU;PA9920,5888;LB1;PU;PA10040,5888;LB2;SP0;
